00111100001111000011110000111100
00111100001111000011110000111100
00111100001111000011110000111100
00111100001111000011110000111100
00111100001111000011110000111100
00111100001111000011110000111100
00111100001111000011110000111100
00111100001111000011110000111100
00111100001111000011110000111100
00111100001111000011110000111100
00111100001111000011110000111100
00111100001111000011110000111100
00111100001111000011110000111100
00111100001111000011110000111100
00111100001111000011110000111100
00111100001111000011110000111100